1,76,38,96,62,41,27,33,4,2,94,15,89,25,66,14,30,0,71,21,48,44,87,73,60,50,77,45,29,18,5,99,65,16,93,95,37,3,52,32,46,80,98,63,92,24,35,55,12,81,51,17,70,78,61,91,54,8,72,40,74,68,75,67,39,64,10,53,9,31,6,7,47,42,90,20,19,36,22,43,58,28,79,86,57,49,83,84,97,11,85,26,69,23,59,82,88,34,56,13

1 23 65 78 93
1 53 10 12 26
 1 1 83 25  6
1 40 73 29 54
1 68 41 32 82

 8 31 14 70 91
1 1 1 1 1
66 28 76 78 93
39 63 80 43 23
56 25 60 67 72

67 78 36 64 14
46 16 80 23 94
22 47 51 65 57
33 76 21 92 97
31 95 54 27 20

 1 77 86 43 30
28 88  7  5 60
66 24  3 57 33
38 23 59 84 44
74 47 17 29 85

21 50 86  2 70
85 19 22 93 25
99 38 74 30 65
81  0 47 78 63
34 11 51 88 64